0 0 0 0 1 0 0 0 0 0 0 0 0 0 0 0 0 
1624426297.41856861 0 0 0 1 0 0 0 0 0 0 0 0 0 0 0 0 
1624426297.51855731 0 0 0 1 0 0 0 0 0 0 0 0 0 0 0 0 
1624426297.61857772 0 0 0 1 0 0 0 0 0 0 0 0 0 0 0 0 
1624426297.71855021 0 0 0 1 0 0 0 0 0 0 0 0 0 0 0 0 
1624426297.81854868 0 0 0 1 0 0 0 0 0 0 0 0 0 0 0 0 
1624426297.91858721 0 0 0 1 0 0 0 0 0 0 0 0 0 0 0 0 
1624426298.01854825 0 0 0 1 0 0 0 0 0 0 0 0 0 0 0 0 
1624426298.11854506 0 0 0 1 0 0 0 0 0 0 0 0 0 0 0 0 
1624426298.21854734 0 0 0 1 0 0 0 0 0 0 0 0 0 0 0 0 
1624426298.3185637 0 0 0 1 0 0 0 0 0 0 0 0 0 0 0 0 
1624426298.41855741 0 0 0 1 0 0 0 0 0 0 0 0 0 0 0 0 
1624426298.5185554 0 0 0 1 0 0 0 0 0 0 0 0 0 0 0 0 
1624426298.61854768 0 0 0 1 0 0 0 0 0 0 0 0 0 0 0 0 
1624426298.71856046 0 0 0 1 0 0 0 0 0 0 0 0 0 0 0 0 
1624426298.81854892 0 0 0 1 0 0 0 0 0 0 0 0 0 0 0 0 
1624426298.91856313 0 0 0 1 0 0 0 0 0 0 0 0 0 0 0 0 
1624426299.01855373 0 0 0 1 0 0 0 0 0 0 0 0 0 0 0 0 
1624426299.11854792 0 0 0 1 0 0 0 0 0 0 0 0 0 0 0 0 
1624426299.2185626 0 0 0 1 0 0 0 0 0 0 0 0 0 0 0 0 
1624426299.31856155 0 0 0 1 0 0 0 0 0 0 0 0 0 0 0 0 
1624426299.41854763 0 0 0 1 0 0 0 0 0 0 0 0 0 0 0 0 
1624426299.51855254 0 0 0 1 0 0 0 0 0 0 0 0 0 0 0 0 
1624426299.61856437 0 0 0 1 0 0 0 0 0 0 0 0 0 0 0 0 
1624426299.71856618 0 0 0 1 0 0 0 0 0 0 0 0 0 0 0 0 
1624426299.81854439 0 0 0 1 0 0 0 0 0 0 0 0 0 0 0 0 
1624426299.91855526 0 0 0 1 0 0 0 0 0 0 0 0 0 0 0 0 
1624426300.01856732 0 0 0 1 0 0 0 0 0 0 0 0 0 0 0 0 
1624426300.11854553 0 0 0 1 0 0 0 0 0 0 0 0 0 0 0 0 
1624426300.21855378 0 0 0 1 0 0 0 0 0 0 0 0 0 0 0 0 
1624426300.31856799 0 0 0 1 0 0 0 0 0 0 0 0 0 0 0 0 
1624426300.41856647 0 0 0 1 0 0 0 0 0 0 0 0 0 0 0 0 
1624426300.51855326 0 0 0 1 0 0 0 0 0 0 0 0 0 0 0 0 
1624426300.61855817 0 0 0 1 0 0 0 0 0 0 0 0 0 0 0 0 
1624426300.71860671 0 0 0 1 0 0 0 0 0 0 0 0 0 0 0 0 
1624426300.81854749 0 0 0 1 0 0 0 0 0 0 0 0 0 0 0 0 
1624426300.91854763 0 0 0 1 0 0 0 0 0 0 0 0 0 0 0 0 
1624426301.01855397 0 0 0 1 0 0 0 0 0 0 0 0 0 0 0 0 
1624426301.11855412 0 0 0 1 0 0 0 0 0 0 0 0 0 0 0 0 
1624426301.21857858 0 0 0 1 0 0 0 0 0 0 0 0 0 0 0 0 
1624426301.31854963 0 0 0 1 0 0 0 0 0 0 0 0 0 0 0 0 
1624426301.41855764 0 0 0 1 0 0 0 0 0 0 0 0 0 0 0 0 
1624426301.51856136 0 0 0 1 0 0 0 0 0 0 0 0 0 0 0 0 
1624426301.61854291 0 0 0 1 0 0 0 0 0 0 0 0 0 0 0 0 
1624426301.71858835 0 0 0 1 0 0 0 0 0 0 0 0 0 0 0 0 
1624426301.81855226 0 0 0 1 0 0 0 0 0 0 0 0 0 0 0 0 
1624426301.91856337 0 0 0 1 0 0 0 0 0 0 0 0 0 0 0 0 
1624426302.01854563 0 0 0 1 0 0 0 0 0 0 0 0 0 0 0 0 
1624426302.11859298 0 0 0 1 0 0 0 0 0 0 0 0 0 0 0 0 
1624426302.21855092 0 0 0 1 0 0 0 0 0 0 0 0 0 0 0 0 
1624426302.31856084 0 0 0 1 0 0 0 0 0 0 0 0 0 0 0 0 
1624426302.41858602 0 0 0 1 0 0 0 0 0 0 0 0 0 0 0 0 
1624426302.51856112 0 0 0 1 0 0 0 0 0 0 0 0 0 0 0 0 
1624426302.61855888 0 0 0 1 0 0 0 0 0 0 0 0 0 0 0 0 
1624426302.71855569 0 0 0 1 0 0 0 0 0 0 0 0 0 0 0 0 
1624426302.81854916 0 0 0 1 0 0 0 0 0 0 0 0 0 0 0 0 
1624426302.91855097 0 0 0 1 0 0 0 0 0 0 0 0 0 0 0 0 
1624426303.0185535 0 0 0 1 0 0 0 0 0 0 0 0 0 0 0 0 
1624426303.11855578 0 0 0 1 0 0 0 0 0 0 0 0 0 0 0 0 
1624426303.21856213 0 0 0 1 0 0 0 0 0 0 0 0 0 0 0 0 
1624426303.31855488 0 0 0 1 0 0 0 0 0 0 0 0 0 0 0 0 
1624426303.4185605 0 0 0 1 0 0 0 0 0 0 0 0 0 0 0 0 
1624426303.5185492 0 0 0 1 0 0 0 0 0 0 0 0 0 0 0 0 
1624426303.61857009 0 0 0 1 0 0 0 0 0 0 0 0 0 0 0 0 
1624426303.71855688 0 0 0 1 0 0 0 0 0 0 0 0 0 0 0 0 
1624426303.81856275 0 0 0 1 0 0 0 0 0 0 0 0 0 0 0 0 
1624426303.91855979 0 0 0 1 0 0 0 0 0 0 0 0 0 0 0 0 
1624426304.01856065 0 0 0 1 0 0 0 0 0 0 0 0 0 0 0 0 
1624426304.11855245 0 0 0 1 0 0 0 0 0 0 0 0 0 0 0 0 
1624426304.21855068 0 0 0 1 0 0 0 0 0 0 0 0 0 0 0 0 
1624426304.31855774 0 0 0 1 0 0 0 0 0 0 0 0 0 0 0 0 
1624426304.41855001 0 0 0 1 0 0 0 0 0 0 0 0 0 0 0 0 
1624426304.51854563 0 0 0 1 0 0 0 0 0 0 0 0 0 0 0 0 
1624426304.6185689 0 0 0 1 0 0 0 0 0 0 0 0 0 0 0 0 
1624426304.71856403 0 0 0 1 0 0 0 0 0 0 0 0 0 0 0 0 
1624426304.81855226 0 0 0 1 0 0 0 0 0 0 0 0 0 0 0 0 
1624426304.9185648 0 0 0 1 0 0 0 0 0 0 0 0 0 0 0 0 
1624426305.0185473 0 0 0 1 0 0 0 0 0 0 0 0 0 0 0 0 
1624426305.1185503 0 0 0 1 0 0 0 0 0 0 0 0 0 0 0 0 
1624426305.21870112 0 0 0 1 0 0 0 0 0 0 0 0 0 0 0 0 
1624426305.31854892 0 0 0 1 0 0 0 0 0 0 0 0 0 0 0 0 
1624426305.41855574 0 0 0 1 0 0 0 0 0 0 0 0 0 0 0 0 
1624426305.51854491 0 0 0 1 0 0 0 0 0 0 0 0 0 0 0 0 
1624426305.61856389 0 0 0 1 0 0 0 0 0 0 0 0 0 0 0 0 
1624426305.71855688 0 0 0 1 0 0 0 0 0 0 0 0 0 0 0 0 
1624426305.81855607 0 0 0 1 0 0 0 0 0 0 0 0 0 0 0 0 
1624426305.91855741 0 0 0 1 0 0 0 0 0 0 0 0 0 0 0 0 
1624426306.01855731 0 0 0 1 0 0 0 0 0 0 0 0 0 0 0 0 
1624426306.11854911 0 0 0 1 0 0 0 0 0 0 0 0 0 0 0 0 
1624426306.21855927 0 0 0 1 0 0 0 0 0 0 0 0 0 0 0 0 
1624426306.31854749 0 0 0 1 0 0 0 0 0 0 0 0 0 0 0 0 
1624426306.41855431 0 0 0 1 0 0 0 0 0 0 0 0 0 0 0 0 
1624426306.51854849 0 0 0 1 0 0 0 0 0 0 0 0 0 0 0 0 
1624426306.61854887 0 0 0 1 0 0 0 0 0 0 0 0 0 0 0 0 
1624426306.71854234 0 0 0 1 0 0 0 0 0 0 0 0 0 0 0 0 
1624426306.81855059 0 0 0 1 0 0 0 0 0 0 0 0 0 0 0 0 
1624426306.91854811 0 0 0 1 0 0 0 0 0 0 0 0 0 0 0 0 
1624426307.01855469 0 0 0 1 0 0 0 0 0 0 0 0 0 0 0 0 
1624426307.1185503 0 0 0 1 0 0 0 0 0 0 0 0 0 0 0 0 
1624426307.2185452 0 0 0 1 0 0 0 0 0 0 0 0 0 0 0 0 
1624426307.31855083 0 0 0 1 0 0 0 0 0 0 0 0 0 0 0 0 
1624426307.4185555 0 0 0 1 0 0 0 0 0 0 0 0 0 0 0 0 
1624426307.51856112 0 0 0 1 0 0 0 0 0 0 0 0 0 0 0 0 
1624426307.61855888 0 0 0 1 0 0 0 0 0 0 0 0 0 0 0 0 
1624426307.71859765 0 0 0 1 0 0 0 0 0 0 0 0 0 0 0 0 
1624426307.81854773 0 0 0 1 0 0 0 0 0 0 0 0 0 0 0 0 
1624426307.91854692 0 0 0 1 0 0 0 0 0 0 0 0 0 0 0 0 
1624426308.01856184 0 0 0 1 0 0 0 0 0 0 0 0 0 0 0 0 
1624426308.1185503 0 0 0 1 0 0 0 0 0 0 0 0 0 0 0 0 
1624426308.21856332 0 0 0 1 0 0 0 0 0 0 0 0 0 0 0 0 
1624426308.31856537 0 0 0 1 0 0 0 0 0 0 0 0 0 0 0 0 
1624426308.41854572 0 0 0 1 0 0 0 0 0 0 0 0 0 0 0 0 
1624426308.51855135 0 0 0 1 0 0 0 0 0 0 0 0 0 0 0 0 
1624426308.61856461 0 0 0 1 0 0 0 0 0 0 0 0 0 0 0 0 
1624426308.71854663 0 0 0 1 0 0 0 0 0 0 0 0 0 0 0 0 
1624426308.8185513 0 0 0 1 0 0 0 0 0 0 0 0 0 0 0 0 
1624426308.91855311 0 0 0 1 0 0 0 0 0 0 0 0 0 0 0 0 
1624426309.01854658 0 0 0 1 0 0 0 0 0 0 0 0 0 0 0 0 
1624426309.11856651 0 0 0 1 0 0 0 0 0 0 0 0 0 0 0 0 
1624426309.2185688 0 0 0 1 0 0 0 0 0 0 0 0 0 0 0 0 
1624426309.31855154 0 0 0 1 0 0 0 0 0 0 0 0 0 0 0 0 
1624426309.4185586 0 0 0 1 0 0 0 0 0 0 0 0 0 0 0 0 
1624426309.51855874 0 0 0 1 0 0 0 0 0 0 0 0 0 0 0 0 
1624426309.61854839 0 0 0 1 0 0 0 0 0 0 0 0 0 0 0 0 
1624426309.71855593 0 0 0 1 0 0 0 0 0 0 0 0 0 0 0 0 
1624426309.8185513 0 0 0 1 0 0 0 0 0 0 0 0 0 0 0 0 
1624426309.91856074 0 0 0 1 0 0 0 0 0 0 0 0 0 0 0 0 
1624426310.01854396 0 0 0 1 0 0 0 0 0 0 0 0 0 0 0 0 
1624426310.1185596 0 0 0 1 0 0 0 0 0 0 0 0 0 0 0 0 
1624426310.21855903 0 0 0 1 0 0 0 0 0 0 0 0 0 0 0 0 
1624426310.31856441 0 0 0 1 0 0 0 0 0 0 0 0 0 0 0 0 
1624426310.41855264 0 0 0 1 0 0 0 0 0 0 0 0 0 0 0 0 
1624426310.51855731 0 0 0 1 0 0 0 0 0 0 0 0 0 0 0 0 
1624426310.6185627 0 0 0 1 0 0 0 0 0 0 0 0 0 0 0 0 
1624426310.7185545 0 0 0 1 0 0 0 0 0 0 0 0 0 0 0 0 
1624426310.81854963 0 0 0 1 0 0 0 0 0 0 0 0 0 0 0 0 
1624426310.91855669 0 0 0 1 0 0 0 0 0 0 0 0 0 0 0 0 
1624426311.01855111 0 0 0 1 0 0 0 0 0 0 0 0 0 0 0 0 
1624426311.11854815 0 0 0 1 0 0 0 0 0 0 0 0 0 0 0 0 
1624426311.21856189 0 0 0 1 0 0 0 0 0 0 0 0 0 0 0 0 
1624426311.31856799 0 0 0 1 0 0 0 0 0 0 0 0 0 0 0 0 
1624426311.41855311 0 0 0 1 0 0 0 0 0 0 0 0 0 0 0 0 
1624426311.51856184 0 0 0 1 0 0 0 0 0 0 0 0 0 0 0 0 
1624426311.61855412 0 0 0 1 0 0 0 0 0 0 0 0 0 0 0 0 
1624426311.71858001 0 0 0 1 0 0 0 0 0 0 0 0 0 0 0 0 
1624426311.81855226 0 0 0 1 0 0 0 0 0 0 0 0 0 0 0 0 
1624426311.91855145 0 0 0 1 0 0 0 0 0 0 0 0 0 0 0 0 
1624426312.01855111 0 0 0 1 0 0 0 0 0 0 0 0 0 0 0 0 
1624426312.11855459 0 0 0 1 0 0 0 0 0 0 0 0 0 0 0 0 
1624426312.21855497 0 0 0 1 0 0 0 0 0 0 0 0 0 0 0 0 
1624426312.31856227 0 0 0 1 0 0 0 0 0 0 0 0 0 0 0 0 
1624426312.41855383 0 0 0 1 0 0 0 0 0 0 0 0 0 0 0 0 
1624426312.51855183 0 0 0 1 0 0 0 0 0 0 0 0 0 0 0 0 
1624426312.61856174 0 0 0 1 0 0 0 0 0 0 0 0 0 0 0 0 
1624426312.71856618 0 0 0 1 0 0 0 0 0 0 0 0 0 0 0 0 
1624426312.81856489 0 0 0 1 0 0 0 0 0 0 0 0 0 0 0 0 
1624426312.9186008 0 0 0 1 0 0 0 0 0 0 0 0 0 0 0 0 
1624426313.0185523 0 0 0 1 0 0 0 0 0 0 0 0 0 0 0 0 
1624426313.11852789 0 0 0 1 0 0 0 0 0 0 0 0 0 0 0 0 
1624426313.21855664 0 0 0 1 0 0 0 0 0 0 0 0 0 0 0 0 
1624426313.31855798 0 0 0 1 0 0 0 0 0 0 0 0 0 0 0 0 
1624426313.41855335 0 0 0 1 0 0 0 0 0 0 0 0 0 0 0 0 
1624426313.51858568 0 0 0 1 0 0 0 0 0 0 0 0 0 0 0 0 
1624426313.61859655 0 0 0 1 0 0 0 0 0 0 0 0 0 0 0 0 
1624426313.71855688 0 0 0 1 0 0 0 0 0 0 0 0 0 0 0 0 
1624426313.81855106 0 0 0 1 0 0 0 0 0 0 0 0 0 0 0 0 
1624426313.91855955 0 0 0 1 0 0 0 0 0 0 0 0 0 0 0 0 
1624426314.01867414 0 0 0 1 0 0 0 0 0 0 0 0 0 0 0 0 
1624426314.11855602 0 0 0 1 0 0 0 0 0 0 0 0 0 0 0 0 
1624426314.21856809 0 0 0 1 0 0 0 0 0 0 0 0 0 0 0 0 
1624426314.3185513 0 0 0 1 0 0 0 0 0 0 0 0 0 0 0 0 
1624426314.41854835 0 0 0 1 0 0 0 0 0 0 0 0 0 0 0 0 
1624426314.51856136 0 0 0 1 0 0 0 0 0 0 0 0 0 0 0 0 
1624426314.61855149 0 0 0 1 0 0 0 0 0 0 0 0 0 0 0 0 
1624426314.71855998 0 0 0 1 0 0 0 0 0 0 0 0 0 0 0 0 
1624426314.81854749 0 0 0 1 0 0 0 0 0 0 0 0 0 0 0 0 
1624426314.91853499 0 0 0 1 0 0 0 0 0 0 0 0 0 0 0 0 
1624426315.01855278 0 0 0 1 0 0 0 0 0 0 0 0 0 0 0 0 
1624426315.11855245 0 0 0 1 0 0 0 0 0 0 0 0 0 0 0 0 
1624426315.21855855 0 0 0 1 0 0 0 0 0 0 0 0 0 0 0 0 
1624426315.31855297 0 0 0 1 0 0 0 0 0 0 0 0 0 0 0 0 
1624426315.41854858 0 0 0 1 0 0 0 0 0 0 0 0 0 0 0 0 
1624426315.51855493 0 0 0 1 0 0 0 0 0 0 0 0 0 0 0 0 
1624426315.61858511 0 0 0 1 0 0 0 0 0 0 0 0 0 0 0 0 
1624426315.71869206 0 0 0 1 0 0 0 0 0 0 0 0 0 0 0 0 
1624426315.81854486 0 0 0 1 0 0 0 0 0 0 0 0 0 0 0 0 
1624426315.91855383 0 0 0 1 0 0 0 0 0 0 0 0 0 0 0 0 
1624426316.01854706 0 0 0 1 0 0 0 0 0 0 0 0 0 0 0 0 
1624426316.11855102 0 0 0 1 0 0 0 0 0 0 0 0 0 0 0 0 
1624426316.21854925 0 0 0 1 0 0 0 0 0 0 0 0 0 0 0 0 
1624426316.31855631 0 0 0 1 0 0 0 0 0 0 0 0 0 0 0 0 
1624426316.41855574 0 0 0 1 0 0 0 0 0 0 0 0 0 0 0 0 
1624426316.51859736 0 0 0 1 0 0 0 0 0 0 0 0 0 0 0 0 
1624426316.61855125 0 0 0 1 0 0 0 0 0 0 0 0 0 0 0 0 
1624426316.71863365 0 0 0 1 0 0 0 0 0 0 0 0 0 0 0 0 
1624426316.81855559 0 0 0 1 0 0 0 0 0 0 0 0 0 0 0 0 
1624426316.91856599 0 0 0 1 0 0 0 0 0 0 0 0 0 0 0 0 
1624426317.01854849 0 0 0 1 0 0 0 0 0 0 0 0 0 0 0 0 
1624426317.11854529 0 0 0 1 0 0 0 0 0 0 0 0 0 0 0 0 
1624426317.21855021 0 0 0 1 0 0 0 0 0 0 0 0 0 0 0 0 
1624426317.31858039 0 0 0 1 0 0 0 0 0 0 0 0 0 0 0 0 
1624426317.41855001 0 0 0 1 0 0 0 0 0 0 0 0 0 0 0 0 
1624426317.51855421 0 0 0 1 0 0 0 0 0 0 0 0 0 0 0 0 
1624426317.6185658 0 0 0 1 0 0 0 0 0 0 0 0 0 0 0 0 
1624426317.71854806 0 0 0 1 0 0 0 0 0 0 0 0 0 0 0 0 
1624426317.81855083 0 0 0 1 0 0 0 0 0 0 0 0 0 0 0 0 
1624426317.9185555 0 0 0 1 0 0 0 0 0 0 0 0 0 0 0 0 
1624426318.01855159 0 0 0 1 0 0 0 0 0 0 0 0 0 0 0 0 
1624426318.11855149 0 0 0 1 0 0 0 0 0 0 0 0 0 0 0 0 
1624426318.21855712 0 0 0 1 0 0 0 0 0 0 0 0 0 0 0 0 
1624426318.31854916 0 0 0 1 0 0 0 0 0 0 0 0 0 0 0 0 
1624426318.41855192 0 0 0 1 0 0 0 0 0 0 0 0 0 0 0 0 
1624426318.51855803 0 0 0 1 0 0 0 0 0 0 0 0 0 0 0 0 
1624426318.61856222 0 0 0 1 0 0 0 0 0 0 0 0 0 0 0 0 
1624426318.71857047 0 0 0 1 0 0 0 0 0 0 0 0 0 0 0 0 
1624426318.81855702 0 0 0 1 0 0 0 0 0 0 0 0 0 0 0 0 
1624426318.91856647 0 0 0 1 0 0 0 0 0 0 0 0 0 0 0 0 
1624426319.0185535 0 0 0 1 0 0 0 0 0 0 0 0 0 0 0 0 
1624426319.1185472 0 0 0 1 0 0 0 0 0 0 0 0 0 0 0 0 
1624426319.21855569 0 0 0 1 0 0 0 0 0 0 0 0 0 0 0 0 
1624426319.31855822 0 0 0 1 0 0 0 0 0 0 0 0 0 0 0 0 
1624426319.41863823 0 0 0 1 0 0 0 0 0 0 0 0 0 0 0 0 
1624426319.51856351 0 0 0 1 0 0 0 0 0 0 0 0 0 0 0 0 
1624426319.61855936 0 0 0 1 0 0 0 0 0 0 0 0 0 0 0 0 
1624426319.71856427 0 0 0 1 0 0 0 0 0 0 0 0 0 0 0 0 
1624426319.81856489 0 0 0 1 0 0 0 0 0 0 0 0 0 0 0 0 
1624426319.91855478 0 0 0 1 0 0 0 0 0 0 0 0 0 0 0 0 
1624426320.01854777 0 0 0 1 0 0 0 0 0 0 0 0 0 0 0 0 
1624426320.11854219 0 0 0 1 0 0 0 0 0 0 0 0 0 0 0 0 
1624426320.21856475 0 0 0 1 0 0 0 0 0 0 0 0 0 0 0 0 
1624426320.31855464 0 0 0 1 0 0 0 0 0 0 0 0 0 0 0 0 
1624426320.41855645 0 0 0 1 0 0 0 0 0 0 0 0 0 0 0 0 
1624426320.51854563 0 0 0 1 0 0 0 0 0 0 0 0 0 0 0 0 
1624426320.61855006 0 0 0 1 0 0 0 0 0 0 0 0 0 0 0 0 
1624426320.71856689 0 0 0 1 0 0 0 0 0 0 0 0 0 0 0 0 
1624426320.81854367 0 0 0 1 0 0 0 0 0 0 0 0 0 0 0 0 
1624426320.91856384 0 0 0 1 0 0 0 0 0 0 0 0 0 0 0 0 
1624426321.0185554 0 0 0 1 0 0 0 0 0 0 0 0 0 0 0 0 
1624426321.11863136 0 0 0 1 0 0 0 0 0 0 0 0 0 0 0 0 
1624426321.21854877 0 0 0 1 0 0 0 0 0 0 0 0 0 0 0 0 
1624426321.31859922 0 0 0 1 0 0 0 0 0 0 0 0 0 0 0 0 
1624426321.41922092 0 0 0 1 0 0 0 0 0 0 0 0 0 0 0 0 
1624426321.5185535 0 0 0 1 0 0 0 0 0 0 0 0 0 0 0 0 
1624426321.61860013 0 0 0 1 0 0 0 0 0 0 0 0 0 0 0 0 
1624426321.71926475 0 0 0 1 0 0 0 0 0 0 0 0 0 0 0 0 
1624426321.81854272 0 0 0 1 0 0 0 0 0 0 0 0 0 0 0 0 
1624426321.91855621 0 0 0 1 0 0 0 0 0 0 0 0 0 0 0 0 
1624426322.01856494 0 0 0 1 0 0 0 0 0 0 0 0 0 0 0 0 
1624426322.11855006 0 0 0 1 0 0 0 0 0 0 0 0 0 0 0 0 
1624426322.21855021 0 0 0 1 0 0 0 0 0 0 0 0 0 0 0 0 
1624426322.3185575 0 0 0 1 0 0 0 0 0 0 0 0 0 0 0 0 
1624426322.41855502 0 0 0 1 0 0 0 0 0 0 0 0 0 0 0 0 
1624426322.51860952 0 0 0 1 0 0 0 0 0 0 0 0 0 0 0 0 
1624426322.61855173 0 0 0 1 0 0 0 0 0 0 0 0 0 0 0 0 
1624426322.71856165 0 0 0 1 0 0 0 0 0 0 0 0 0 0 0 0 
1624426322.81863499 0 0 0 1 0 0 0 0 0 0 0 0 0 0 0 0 
1624426322.91854787 0 0 0 1 0 0 0 0 0 0 0 0 0 0 0 0 
1624426323.01855469 0 0 0 1 0 0 0 0 0 0 0 0 0 0 0 0 
1624426323.1185441 0 0 0 1 0 0 0 0 0 0 0 0 0 0 0 0 
1624426323.21854854 0 0 0 1 0 0 0 0 0 0 0 0 0 0 0 0 
1624426323.31855488 0 0 0 1 0 0 0 0 0 0 0 0 0 0 0 0 
1624426323.4185586 0 0 0 1 0 0 0 0 0 0 0 0 0 0 0 0 
1624426323.51855087 0 0 0 1 0 0 0 0 0 0 0 0 0 0 0 0 
1624426323.61855316 0 0 0 1 0 0 0 0 0 0 0 0 0 0 0 0 
1624426323.71854949 0 0 0 1 0 0 0 0 0 0 0 0 0 0 0 0 
1624426323.81855893 0 0 0 1 0 0 0 0 0 0 0 0 0 0 0 0 
1624426323.91855478 0 0 0 1 0 0 0 0 0 0 0 0 0 0 0 0 
1624426324.01858521 0 0 0 1 0 0 0 0 0 0 0 0 0 0 0 0 
1624426324.11855078 0 0 0 1 0 0 0 0 0 0 0 0 0 0 0 0 
1624426324.21857166 0 0 0 1 0 0 0 0 0 0 0 0 0 0 0 0 
1624426324.31855011 0 0 0 1 0 0 0 0 0 0 0 0 0 0 0 0 
1624426324.41855717 0 0 0 1 0 0 0 0 0 0 0 0 0 0 0 0 
1624426324.51847386 0 0 0 1 0 0 0 0 0 0 0 0 0 0 0 0 
1624426324.61855507 0 0 0 1 0 0 0 0 0 0 0 0 0 0 0 0 
1624426324.7185638 0 0 0 1 0 0 0 0 0 0 0 0 0 0 0 0 
1624426324.81854463 0 0 0 1 0 0 0 0 0 0 0 0 0 0 0 0 
1624426324.91859412 0 0 0 1 0 0 0 0 0 0 0 0 0 0 0 0 
1624426325.01855707 0 0 0 1 0 0 0 0 0 0 0 0 0 0 0 0 
1624426325.11854839 0 0 0 1 0 0 0 0 0 0 0 0 0 0 0 0 
1624426325.21857023 0 0 0 1 0 0 0 0 0 0 0 0 0 0 0 0 
1624426325.3185544 0 0 0 1 0 0 0 0 0 0 0 0 0 0 0 0 
1624426325.41854787 0 0 0 1 0 0 0 0 0 0 0 0 0 0 0 0 
1624426325.51854849 0 0 0 1 0 0 0 0 0 0 0 0 0 0 0 0 
1624426325.61857271 0 0 0 1 0 0 0 0 0 0 0 0 0 0 0 0 
1624426325.71855855 0 0 0 1 0 0 0 0 0 0 0 0 0 0 0 0 
1624426325.8185451 0 0 0 1 0 0 0 0 0 0 0 0 0 0 0 0 
1624426325.91875482 0 0 0 1 0 0 0 0 0 0 0 0 0 0 0 0 
1624426326.01855922 0 0 0 1 0 0 0 0 0 0 0 0 0 0 0 0 
1624426326.11854029 0 0 0 1 0 0 0 0 0 0 0 0 0 0 0 0 
1624426326.21861172 0 0 0 1 0 0 0 0 0 0 0 0 0 0 0 0 
1624426326.31856465 0 0 0 1 0 0 0 0 0 0 0 0 0 0 0 0 
1624426326.41854787 0 0 0 1 0 0 0 0 0 0 0 0 0 0 0 0 
1624426326.51856041 0 0 0 1 0 0 0 0 0 0 0 0 0 0 0 0 
1624426326.61858654 0 0 0 1 0 0 0 0 0 0 0 0 0 0 0 0 
1624426326.71855497 0 0 0 1 0 0 0 0 0 0 0 0 0 0 0 0 
1624426326.81854773 0 0 0 1 0 0 0 0 0 0 0 0 0 0 0 0 
1624426326.91855955 0 0 0 1 0 0 0 0 0 0 0 0 0 0 0 0 
1624426327.01856565 0 0 0 1 0 0 0 0 0 0 0 0 0 0 0 0 
1624426327.11855364 0 0 0 1 0 0 0 0 0 0 0 0 0 0 0 0 
1624426327.21855402 0 0 0 1 0 0 0 0 0 0 0 0 0 0 0 0 
1624426327.31854892 0 0 0 1 0 0 0 0 0 0 0 0 0 0 0 0 
1624426327.41854572 0 0 0 1 0 0 0 0 0 0 0 0 0 0 0 0 
1624426327.51855445 0 0 0 1 0 0 0 0 0 0 0 0 0 0 0 0 
1624426327.6185565 0 0 0 1 0 0 0 0 0 0 0 0 0 0 0 0 
1624426327.71856833 0 0 0 1 0 0 0 0 0 0 0 0 0 0 0 0 
1624426327.81855917 0 0 0 1 0 0 0 0 0 0 0 0 0 0 0 0 
1624426327.91855145 0 0 0 1 0 0 0 0 0 0 0 0 0 0 0 0 
1624426328.01854944 0 0 0 1 0 0 0 0 0 0 0 0 0 0 0 0 
1624426328.11854935 0 0 0 1 0 0 0 0 0 0 0 0 0 0 0 0 
1624426328.21856976 0 0 0 1 0 0 0 0 0 0 0 0 0 0 0 0 
1624426328.31856537 0 0 0 1 0 0 0 0 0 0 0 0 0 0 0 0 
1624426328.41854644 0 0 0 1 0 0 0 0 0 0 0 0 0 0 0 0 
1624426328.51854682 0 0 0 1 0 0 0 0 0 0 0 0 0 0 0 0 
1624426328.61855078 0 0 0 1 0 0 0 0 0 0 0 0 0 0 0 0 
1624426328.71855736 0 0 0 1 0 0 0 0 0 0 0 0 0 0 0 0 
1624426328.81855345 0 0 0 1 0 0 0 0 0 0 0 0 0 0 0 0 
1624426328.91856217 0 0 0 1 0 0 0 0 0 0 0 0 0 0 0 0 
1624426329.01855421 0 0 0 1 0 0 0 0 0 0 0 0 0 0 0 0 
1624426329.11855483 0 0 0 1 0 0 0 0 0 0 0 0 0 0 0 0 
1624426329.21857023 0 0 0 1 0 0 0 0 0 0 0 0 0 0 0 0 
1624426329.31868935 0 0 0 1 0 0 0 0 0 0 0 0 0 0 0 0 
1624426329.4185462 0 0 0 1 0 0 0 0 0 0 0 0 0 0 0 0 
1624426329.51854992 0 0 0 1 0 0 0 0 0 0 0 0 0 0 0 0 
1624426329.61866689 0 0 0 1 0 0 0 0 0 0 0 0 0 0 0 0 
1624426329.7185576 0 0 0 1 0 0 0 0 0 0 0 0 0 0 0 0 
1624426329.91854811 0 0 0 1 0 0 0 0 0 0 0 0 0 0 0 0 
1624426330.0185585 0 0 0 1 0 0 0 0 0 0 0 0 0 0 0 0 
1624426330.11855936 0 0 0 1 0 0 0 0 0 0 0 0 0 0 0 0 
1624426330.21856022 0 0 0 1 0 0 0 0 0 0 0 0 0 0 0 0 
1624426330.31855893 0 0 0 1 0 0 0 0 0 0 0 0 0 0 0 0 
1624426330.41855597 0 0 0 1 0 0 0 0 0 0 0 0 0 0 0 0 
1624426330.51855278 0 0 0 1 0 0 0 0 0 0 0 0 0 0 0 0 
1624426330.61855412 0 0 0 1 0 0 0 0 0 0 0 0 0 0 0 0 
1624426330.71855235 0 0 0 1 0 0 0 0 0 0 0 0 0 0 0 0 
1624426330.81854749 0 0 0 1 0 0 0 0 0 0 0 0 0 0 0 0 
1624426330.91856527 0 0 0 1 0 0 0 0 0 0 0 0 0 0 0 0 
1624426331.01855302 0 0 0 1 0 0 0 0 0 0 0 0 0 0 0 0 
1624426331.11854553 0 0 0 1 0 0 0 0 0 0 0 0 0 0 0 0 
1624426331.21855116 0 0 0 1 0 0 0 0 0 0 0 0 0 0 0 0 
1624426331.31871295 0 0 0 1 0 0 0 0 0 0 0 0 0 0 0 0 
1624426331.41855621 0 0 0 1 0 0 0 0 0 0 0 0 0 0 0 0 
1624426331.51854992 0 0 0 1 0 0 0 0 0 0 0 0 0 0 0 0 
1624426331.61855245 0 0 0 1 0 0 0 0 0 0 0 0 0 0 0 0 
1624426331.71856165 0 0 0 1 0 0 0 0 0 0 0 0 0 0 0 0 
1624426331.81855559 0 0 0 1 0 0 0 0 0 0 0 0 0 0 0 0 
1624426331.91854382 0 0 0 1 0 0 0 0 0 0 0 0 0 0 0 0 
1624426332.01855469 0 0 0 1 0 0 0 0 0 0 0 0 0 0 0 0 
1624426332.11855102 0 0 0 1 0 0 0 0 0 0 0 0 0 0 0 0 
1624426332.2185514 0 0 0 1 0 0 0 0 0 0 0 0 0 0 0 0 
1624426332.31859636 0 0 0 1 0 0 0 0 0 0 0 0 0 0 0 0 
1624426332.41855454 0 0 0 1 0 0 0 0 0 0 0 0 0 0 0 0 
1624426332.51855278 0 0 0 1 0 0 0 0 0 0 0 0 0 0 0 0 
1624426332.61855412 0 0 0 1 0 0 0 0 0 0 0 0 0 0 0 0 
1624426332.71856761 0 0 0 1 0 0 0 0 0 0 0 0 0 0 0 0 
1624426332.81855798 0 0 0 1 0 0 0 0 0 0 0 0 0 0 0 0 
1624426332.91856003 0 0 0 1 0 0 0 0 0 0 0 0 0 0 0 0 
1624426333.01856875 0 0 0 1 0 0 0 0 0 0 0 0 0 0 0 0 
1624426333.11855459 0 0 0 1 0 0 0 0 0 0 0 0 0 0 0 0 
1624426333.21855736 0 0 0 1 0 0 0 0 0 0 0 0 0 0 0 0 
1624426333.31854916 0 0 0 1 0 0 0 0 0 0 0 0 0 0 0 0 
1624426333.41855478 0 0 0 1 0 0 0 0 0 0 0 0 0 0 0 0 
1624426333.51855898 0 0 0 1 0 0 0 0 0 0 0 0 0 0 0 0 
1624426333.61854982 0 0 0 1 0 0 0 0 0 0 0 0 0 0 0 0 
1624426333.7185607 0 0 0 1 0 0 0 0 0 0 0 0 0 0 0 0 
1624426333.81854486 0 0 0 1 0 0 0 0 0 0 0 0 0 0 0 0 
1624426333.9185493 0 0 0 1 0 0 0 0 0 0 0 0 0 0 0 0 
1624426334.01855302 0 0 0 1 0 0 0 0 0 0 0 0 0 0 0 0 
1624426334.11854935 0 0 0 1 0 0 0 0 0 0 0 0 0 0 0 0 
1624426334.21855044 0 0 0 1 0 0 0 0 0 0 0 0 0 0 0 0 
1624426334.31856132 0 0 0 1 0 0 0 0 0 0 0 0 0 0 0 0 
1624426334.4185586 0 0 0 1 0 0 0 0 0 0 0 0 0 0 0 0 
1624426334.51855421 0 0 0 1 0 0 0 0 0 0 0 0 0 0 0 0 
1624426334.61855412 0 0 0 1 0 0 0 0 0 0 0 0 0 0 0 0 
1624426334.71855187 0 0 0 1 0 0 0 0 0 0 0 0 0 0 0 0 
1624426334.81854796 0 0 0 1 0 0 0 0 0 0 0 0 0 0 0 0 
1624426334.91856647 0 0 0 1 0 0 0 0 0 0 0 0 0 0 0 0 
1624426335.01855421 0 0 0 1 0 0 0 0 0 0 0 0 0 0 0 0 
1624426335.11855316 0 0 0 1 0 0 0 0 0 0 0 0 0 0 0 0 
1624426335.21854901 0 0 0 1 0 0 0 0 0 0 0 0 0 0 0 0 
1624426335.31855679 0 0 0 1 0 0 0 0 0 0 0 0 0 0 0 0 
1624426335.41856337 0 0 0 1 0 0 0 0 0 0 0 0 0 0 0 0 
1624426335.51856327 0 0 0 1 0 0 0 0 0 0 0 0 0 0 0 0 
1624426335.61854315 0 0 0 1 0 0 0 0 0 0 0 0 0 0 0 0 
1624426335.71856713 0 0 0 1 0 0 0 0 0 0 0 0 0 0 0 0 
1624426335.81855369 0 0 0 1 0 0 0 0 0 0 0 0 0 0 0 0 
1624426335.91855884 0 0 0 1 0 0 0 0 0 0 0 0 0 0 0 0 
1624426336.01856184 0 0 0 1 0 0 0 0 0 0 0 0 0 0 0 0 
1624426336.11854196 0 0 0 1 0 0 0 0 0 0 0 0 0 0 0 0 
1624426336.21855831 0 0 0 1 0 0 0 0 0 0 0 0 0 0 0 0 
1624426336.31859112 0 0 0 1 0 0 0 0 0 0 0 0 0 0 0 0 
1624426336.41866875 0 0 0 1 0 0 0 0 0 0 0 0 0 0 0 0 
1624426336.51856303 0 0 0 1 0 0 0 0 0 0 0 0 0 0 0 0 
1624426336.61857271 0 0 0 1 0 0 0 0 0 0 0 0 0 0 0 0 
1624426336.71863818 0 0 0 1 0 0 0 0 0 0 0 0 0 0 0 0 
1624426336.81855559 0 0 0 1 0 0 0 0 0 0 0 0 0 0 0 0 
1624426336.91855717 0 0 0 1 0 0 0 0 0 0 0 0 0 0 0 0 
1624426337.01855588 0 0 0 1 0 0 0 0 0 0 0 0 0 0 0 0 
1624426337.11854601 0 0 0 1 0 0 0 0 0 0 0 0 0 0 0 0 
1624426337.21855831 0 0 0 1 0 0 0 0 0 0 0 0 0 0 0 0 
1624426337.31854987 0 0 0 1 0 0 0 0 0 0 0 0 0 0 0 0 
1624426337.41855335 0 0 0 1 0 0 0 0 0 0 0 0 0 0 0 0 
1624426337.51855421 0 0 0 1 0 0 0 0 0 0 0 0 0 0 0 0 
1624426337.61855221 0 0 0 1 0 0 0 0 0 0 0 0 0 0 0 0 
1624426337.71857429 0 0 0 1 0 0 0 0 0 0 0 0 0 0 0 0 
1624426337.81855559 0 0 0 1 0 0 0 0 0 0 0 0 0 0 0 0 
1624426337.91854763 0 0 0 1 0 0 0 0 0 0 0 0 0 0 0 0 
1624426338.01855659 0 0 0 1 0 0 0 0 0 0 0 0 0 0 0 0 
1624426338.11854839 0 0 0 1 0 0 0 0 0 0 0 0 0 0 0 0 
1624426338.21855617 0 0 0 1 0 0 0 0 0 0 0 0 0 0 0 0 
1624426338.31856012 0 0 0 1 0 0 0 0 0 0 0 0 0 0 0 0 
1624426338.41862464 0 0 0 1 0 0 0 0 0 0 0 0 0 0 0 0 
1624426338.51855373 0 0 0 1 0 0 0 0 0 0 0 0 0 0 0 0 
1624426338.61855292 0 0 0 1 0 0 0 0 0 0 0 0 0 0 0 0 
1624426338.71856403 0 0 0 1 0 0 0 0 0 0 0 0 0 0 0 0 
1624426338.81854773 0 0 0 1 0 0 0 0 0 0 0 0 0 0 0 0 
1624426338.91854811 0 0 0 1 0 0 0 0 0 0 0 0 0 0 0 0 
1624426339.01855636 0 0 0 1 0 0 0 0 0 0 0 0 0 0 0 0 
1624426339.11855245 0 0 0 1 0 0 0 0 0 0 0 0 0 0 0 0 
1624426339.2185545 0 0 0 1 0 0 0 0 0 0 0 0 0 0 0 0 
1624426339.3185637 0 0 0 1 0 0 0 0 0 0 0 0 0 0 0 0 
1624426339.41855621 0 0 0 1 0 0 0 0 0 0 0 0 0 0 0 0 
1624426339.51855278 0 0 0 1 0 0 0 0 0 0 0 0 0 0 0 0 
1624426339.61856174 0 0 0 1 0 0 0 0 0 0 0 0 0 0 0 0 
1624426339.71855617 0 0 0 1 0 0 0 0 0 0 0 0 0 0 0 0 
1624426339.81854796 0 0 0 1 0 0 0 0 0 0 0 0 0 0 0 0 
1624426339.91856337 0 0 0 1 0 0 0 0 0 0 0 0 0 0 0 0 
1624426340.01856136 0 0 0 1 0 0 0 0 0 0 0 0 0 0 0 0 
1624426340.11854672 0 0 0 1 0 0 0 0 0 0 0 0 0 0 0 0 
1624426340.21855426 0 0 0 1 0 0 0 0 0 0 0 0 0 0 0 0 
1624426340.31856465 0 0 0 1 0 0 0 0 0 0 0 0 0 0 0 0 
1624426340.41855741 0 0 0 1 0 0 0 0 0 0 0 0 0 0 0 0 
1624426340.51854682 0 0 0 1 0 0 0 0 0 0 0 0 0 0 0 0 
1624426340.61855483 0 0 0 1 0 0 0 0 0 0 0 0 0 0 0 0 
1624426340.71856809 0 0 0 1 0 0 0 0 0 0 0 0 0 0 0 0 
1624426340.81854534 0 0 0 1 0 0 0 0 0 0 0 0 0 0 0 0 
1624426340.91858029 0 0 0 1 0 0 0 0 0 0 0 0 0 0 0 0 
1624426341.01856446 0 0 0 1 0 0 0 0 0 0 0 0 0 0 0 0 
1624426341.11854887 0 0 0 1 0 0 0 0 0 0 0 0 0 0 0 0 
1624426341.21855783 0 0 0 1 0 0 0 0 0 0 0 0 0 0 0 0 
1624426341.31856227 0 0 0 1 0 0 0 0 0 0 0 0 0 0 0 0 
1624426341.41856003 0 0 0 1 0 0 0 0 0 0 0 0 0 0 0 0 
1624426341.51855302 0 0 0 1 0 0 0 0 0 0 0 0 0 0 0 0 
1624426341.61855412 0 0 0 1 0 0 0 0 0 0 0 0 0 0 0 0 
1624426341.71856141 0 0 0 1 0 0 0 0 0 0 0 0 0 0 0 0 
1624426341.81855035 0 0 0 1 0 0 0 0 0 0 0 0 0 0 0 0 
1624426341.91855645 0 0 0 1 0 0 0 0 0 0 0 0 0 0 0 0 
1624426342.01855135 0 0 0 1 0 0 0 0 0 0 0 0 0 0 0 0 
1624426342.11855459 0 0 0 1 0 0 0 0 0 0 0 0 0 0 0 0 
1624426342.21856141 0 0 0 1 0 0 0 0 0 0 0 0 0 0 0 0 
1624426342.31855178 0 0 0 1 0 0 0 0 0 0 0 0 0 0 0 0 
1624426342.41854787 0 0 0 1 0 0 0 0 0 0 0 0 0 0 0 0 
1624426342.51855516 0 0 0 1 0 0 0 0 0 0 0 0 0 0 0 0 
1624426342.6185596 0 0 0 1 0 0 0 0 0 0 0 0 0 0 0 0 
1624426342.71855569 0 0 0 1 0 0 0 0 0 0 0 0 0 0 0 0 
1624426342.81854463 0 0 0 1 0 0 0 0 0 0 0 0 0 0 0 0 
1624426342.91855574 0 0 0 1 0 0 0 0 0 0 0 0 0 0 0 0 
1624426343.01856184 0 0 0 1 0 0 0 0 0 0 0 0 0 0 0 0 
1624426343.11855197 0 0 0 1 0 0 0 0 0 0 0 0 0 0 0 0 
1624426343.2185545 0 0 0 1 0 0 0 0 0 0 0 0 0 0 0 0 
1624426343.31855702 0 0 0 1 0 0 0 0 0 0 0 0 0 0 0 0 
1624426343.41855431 0 0 0 1 0 0 0 0 0 0 0 0 0 0 0 0 
1624426343.51856279 0 0 0 1 0 0 0 0 0 0 0 0 0 0 0 0 
1624426343.61856031 0 0 0 1 0 0 0 0 0 0 0 0 0 0 0 0 
1624426343.71856809 0 0 0 1 0 0 0 0 0 0 0 0 0 0 0 0 
1624426343.81867027 0 0 0 1 0 0 0 0 0 0 0 0 0 0 0 0 
1624426343.91855931 0 0 0 1 0 0 0 0 0 0 0 0 0 0 0 0 
1624426344.01856017 0 0 0 1 0 0 0 0 0 0 0 0 0 0 0 0 
1624426344.11855698 0 0 0 1 0 0 0 0 0 0 0 0 0 0 0 0 
1624426344.21855903 0 0 0 1 0 0 0 0 0 0 0 0 0 0 0 0 
1624426344.31859398 0 0 0 1 0 0 0 0 0 0 0 0 0 0 0 0 
1624426344.41854811 0 0 0 1 0 0 0 0 0 0 0 0 0 0 0 0 
1624426344.5185461 0 0 0 1 0 0 0 0 0 0 0 0 0 0 0 0 
1624426344.61856222 0 0 0 1 0 0 0 0 0 0 0 0 0 0 0 0 
1624426344.71904683 0 0 0 1 0 0 0 0 0 0 0 0 0 0 0 0 
1624426344.81854558 0 0 0 1 0 0 0 0 0 0 0 0 0 0 0 0 
1624426344.91859341 0 0 0 1 0 0 0 0 0 0 0 0 0 0 0 0 
1624426345.01856136 0 0 0 1 0 0 0 0 0 0 0 0 0 0 0 0 
1624426345.11854839 0 0 0 1 0 0 0 0 0 0 0 0 0 0 0 0 
1624426345.21856165 0 0 0 1 0 0 0 0 0 0 0 0 0 0 0 0 
1624426345.31856585 0 0 0 1 0 0 0 0 0 0 0 0 0 0 0 0 
1624426345.41856647 0 0 0 1 0 0 0 0 0 0 0 0 0 0 0 0 
1624426345.5186615 0 0 0 1 0 0 0 0 0 0 0 0 0 0 0 0 
1624426345.6185596 0 0 0 1 0 0 0 0 0 0 0 0 0 0 0 0 
1624426345.7185533 0 0 0 1 0 0 0 0 0 0 0 0 0 0 0 0 
1624426345.81855512 0 0 0 1 0 0 0 0 0 0 0 0 0 0 0 0 
1624426345.91855288 0 0 0 1 0 0 0 0 0 0 0 0 0 0 0 0 
1624426346.01855803 0 0 0 1 0 0 0 0 0 0 0 0 0 0 0 0 
1624426346.11855412 0 0 0 1 0 0 0 0 0 0 0 0 0 0 0 0 
1624426346.21856713 0 0 0 1 0 0 0 0 0 0 0 0 0 0 0 0 
1624426346.31855226 0 0 0 1 0 0 0 0 0 0 0 0 0 0 0 0 
1624426346.41855812 0 0 0 1 0 0 0 0 0 0 0 0 0 0 0 0 
1624426346.51854992 0 0 0 1 0 0 0 0 0 0 0 0 0 0 0 0 
1624426346.61856675 0 0 0 1 0 0 0 0 0 0 0 0 0 0 0 0 
1624426346.71855378 0 0 0 1 0 0 0 0 0 0 0 0 0 0 0 0 
1624426346.81854725 0 0 0 1 0 0 0 0 0 0 0 0 0 0 0 0 
1624426346.91854572 0 0 0 1 0 0 0 0 0 0 0 0 0 0 0 0 
1624426347.0185585 0 0 0 1 0 0 0 0 0 0 0 0 0 0 0 0 
1624426347.11855221 0 0 0 1 0 0 0 0 0 0 0 0 0 0 0 0 
1624426347.21855521 0 0 0 1 0 0 0 0 0 0 0 0 0 0 0 0 
1624426347.31855178 0 0 0 1 0 0 0 0 0 0 0 0 0 0 0 0 
1624426347.41855931 0 0 0 1 0 0 0 0 0 0 0 0 0 0 0 0 
1624426347.51862788 0 0 0 1 0 0 0 0 0 0 0 0 0 0 0 0 
1624426347.61855626 0 0 0 1 0 0 0 0 0 0 0 0 0 0 0 0 
1624426347.71856236 0 0 0 1 0 0 0 0 0 0 0 0 0 0 0 0 
1624426347.81855416 0 0 0 1 0 0 0 0 0 0 0 0 0 0 0 0 
1624426347.91855049 0 0 0 1 0 0 0 0 0 0 0 0 0 0 0 0 
1624426348.01855969 0 0 0 1 0 0 0 0 0 0 0 0 0 0 0 0 
1624426348.11855006 0 0 0 1 0 0 0 0 0 0 0 0 0 0 0 0 
1624426348.21856976 0 0 0 1 0 0 0 0 0 0 0 0 0 0 0 0 
1624426348.31856322 0 0 0 1 0 0 0 0 0 0 0 0 0 0 0 0 
1624426348.41854835 0 0 0 1 0 0 0 0 0 0 0 0 0 0 0 0 
1624426348.51855588 0 0 0 1 0 0 0 0 0 0 0 0 0 0 0 0 
1624426348.61855364 0 0 0 1 0 0 0 0 0 0 0 0 0 0 0 0 
1624426348.7185514 0 0 0 1 0 0 0 0 0 0 0 0 0 0 0 0 
1624426348.8185482 0 0 0 1 0 0 0 0 0 0 0 0 0 0 0 0 
1624426348.91855049 0 0 0 1 0 0 0 0 0 0 0 0 0 0 0 0 
1624426349.01854992 0 0 0 1 0 0 0 0 0 0 0 0 0 0 0 0 
1624426349.11856389 0 0 0 1 0 0 0 0 0 0 0 0 0 0 0 0 
1624426349.21855593 0 0 0 1 0 0 0 0 0 0 0 0 0 0 0 0 
1624426349.31856394 0 0 0 1 0 0 0 0 0 0 0 0 0 0 0 0 
1624426349.41855836 0 0 0 1 0 0 0 0 0 0 0 0 0 0 0 0 
1624426349.51857424 0 0 0 1 0 0 0 0 0 0 0 0 0 0 0 0 
1624426349.61859012 0 0 0 1 0 0 0 0 0 0 0 0 0 0 0 0 
1624426349.71860647 0 0 0 1 0 0 0 0 0 0 0 0 0 0 0 0 
1624426349.81854415 0 0 0 1 0 0 0 0 0 0 0 0 0 0 0 0 
1624426349.91855311 0 0 0 1 0 0 0 0 0 0 0 0 0 0 0 0 
1624426350.01854944 0 0 0 1 0 0 0 0 0 0 0 0 0 0 0 0 
1624426350.11855316 0 0 0 1 0 0 0 0 0 0 0 0 0 0 0 0 
1624426350.21856332 0 0 0 1 0 0 0 0 0 0 0 0 0 0 0 0 
1624426350.31854987 0 0 0 1 0 0 0 0 0 0 0 0 0 0 0 0 
1624426350.41855645 0 0 0 1 0 0 0 0 0 0 0 0 0 0 0 0 
1624426350.5185554 0 0 0 1 0 0 0 0 0 0 0 0 0 0 0 0 
1624426350.61856365 0 0 0 1 0 0 0 0 0 0 0 0 0 0 0 0 
1624426350.71854591 0 0 0 1 0 0 0 0 0 0 0 0 0 0 0 0 
1624426350.81854749 0 0 0 1 0 0 0 0 0 0 0 0 0 0 0 0 
1624426350.91867995 0 0 0 1 0 0 0 0 0 0 0 0 0 0 0 0 
1624426351.01859403 0 0 0 1 0 0 0 0 0 0 0 0 0 0 0 0 
1624426351.11854672 0 0 0 1 0 0 0 0 0 0 0 0 0 0 0 0 
1624426351.21855187 0 0 0 1 0 0 0 0 0 0 0 0 0 0 0 0 
1624426351.31855702 0 0 0 1 0 0 0 0 0 0 0 0 0 0 0 0 
1624426351.41854501 0 0 0 1 0 0 0 0 0 0 0 0 0 0 0 0 
1624426351.51855469 0 0 0 1 0 0 0 0 0 0 0 0 0 0 0 0 
1624426351.61883068 0 0 0 1 0 0 0 0 0 0 0 0 0 0 0 0 
1624426351.71855617 0 0 0 1 0 0 0 0 0 0 0 0 0 0 0 0 
1624426351.81854558 0 0 0 1 0 0 0 0 0 0 0 0 0 0 0 0 
1624426351.91856098 0 0 0 1 0 0 0 0 0 0 0 0 0 0 0 0 
1624426352.01855826 0 0 0 1 0 0 0 0 0 0 0 0 0 0 0 0 
1624426352.11855507 0 0 0 1 0 0 0 0 0 0 0 0 0 0 0 0 
1624426352.21865439 0 0 0 1 0 0 0 0 0 0 0 0 0 0 0 0 
1624426352.31855345 0 0 0 1 0 0 0 0 0 0 0 0 0 0 0 0 
1624426352.41855288 0 0 0 1 0 0 0 0 0 0 0 0 0 0 0 0 
1624426352.51855636 0 0 0 1 0 0 0 0 0 0 0 0 0 0 0 0 
1624426352.61857724 0 0 0 1 0 0 0 0 0 0 0 0 0 0 0 0 
1624426352.7185545 0 0 0 1 0 0 0 0 0 0 0 0 0 0 0 0 
1624426352.81854463 0 0 0 1 0 0 0 0 0 0 0 0 0 0 0 0 
1624426352.91856647 0 0 0 1 0 0 0 0 0 0 0 0 0 0 0 0 
1624426353.01856351 0 0 0 1 0 0 0 0 0 0 0 0 0 0 0 0 
1624426353.11854982 0 0 0 1 0 0 0 0 0 0 0 0 0 0 0 0 
1624426353.21854591 0 0 0 1 0 0 0 0 0 0 0 0 0 0 0 0 
1624426353.31859183 0 0 0 1 0 0 0 0 0 0 0 0 0 0 0 0 
1624426353.41856599 0 0 0 1 0 0 0 0 0 0 0 0 0 0 0 0 
1624426353.51855278 0 0 0 1 0 0 0 0 0 0 0 0 0 0 0 0 
1624426353.61856079 0 0 0 1 0 0 0 0 0 0 0 0 0 0 0 0 
1624426353.71856833 0 0 0 1 0 0 0 0 0 0 0 0 0 0 0 0 
1624426353.8185575 0 0 0 1 0 0 0 0 0 0 0 0 0 0 0 0 
1624426353.9185586 0 0 0 1 0 0 0 0 0 0 0 0 0 0 0 0 
1624426354.01855946 0 0 0 1 0 0 0 0 0 0 0 0 0 0 0 0 
1624426354.11855197 0 0 0 1 0 0 0 0 0 0 0 0 0 0 0 0 
1624426354.21858573 0 0 0 1 0 0 0 0 0 0 0 0 0 0 0 0 
1624426354.31854939 0 0 0 1 0 0 0 0 0 0 0 0 0 0 0 0 
1624426354.41856408 0 0 0 1 0 0 0 0 0 0 0 0 0 0 0 0 
1624426354.51855445 0 0 0 1 0 0 0 0 0 0 0 0 0 0 0 0 
1624426354.61855125 0 0 0 1 0 0 0 0 0 0 0 0 0 0 0 0 
1624426354.71855426 0 0 0 1 0 0 0 0 0 0 0 0 0 0 0 0 
1624426354.81855488 0 0 0 1 0 0 0 0 0 0 0 0 0 0 0 0 
1624426354.91857147 0 0 0 1 0 0 0 0 0 0 0 0 0 0 0 0 
1624426355.01857066 0 0 0 1 0 0 0 0 0 0 0 0 0 0 0 0 
1624426355.11855054 0 0 0 1 0 0 0 0 0 0 0 0 0 0 0 0 
1624426355.21856165 0 0 0 1 0 0 0 0 0 0 0 0 0 0 0 0 
1624426355.31855631 0 0 0 1 0 0 0 0 0 0 0 0 0 0 0 0 
1624426355.41854978 0 0 0 1 0 0 0 0 0 0 0 0 0 0 0 0 
1624426355.51855493 0 0 0 1 0 0 0 0 0 0 0 0 0 0 0 0 
1624426355.61856461 0 0 0 1 0 0 0 0 0 0 0 0 0 0 0 0 
1624426355.71855092 0 0 0 1 0 0 0 0 0 0 0 0 0 0 0 0 
1624426355.81855249 0 0 0 1 0 0 0 0 0 0 0 0 0 0 0 0 
1624426355.91859174 0 0 0 1 0 0 0 0 0 0 0 0 0 0 0 0 
1624426356.01856661 0 0 0 1 0 0 0 0 0 0 0 0 0 0 0 0 
1624426356.1185503 0 0 0 1 0 0 0 0 0 0 0 0 0 0 0 0 
1624426356.21854973 0 0 0 1 0 0 0 0 0 0 0 0 0 0 0 0 
1624426356.31855059 0 0 0 1 0 0 0 0 0 0 0 0 0 0 0 0 
1624426356.41855693 0 0 0 1 0 0 0 0 0 0 0 0 0 0 0 0 
1624426356.51855421 0 0 0 1 0 0 0 0 0 0 0 0 0 0 0 0 
1624426356.61855483 0 0 0 1 0 0 0 0 0 0 0 0 0 0 0 0 
1624426356.71856308 0 0 0 1 0 0 0 0 0 0 0 0 0 0 0 0 
1624426356.81855488 0 0 0 1 0 0 0 0 0 0 0 0 0 0 0 0 
1624426356.91855145 0 0 0 1 0 0 0 0 0 0 0 0 0 0 0 0 
1624426357.01855421 0 0 0 1 0 0 0 0 0 0 0 0 0 0 0 0 
1624426357.11855197 0 0 0 1 0 0 0 0 0 0 0 0 0 0 0 0 
1624426357.21857595 0 0 0 1 0 0 0 0 0 0 0 0 0 0 0 0 
1624426357.31854749 0 0 0 1 0 0 0 0 0 0 0 0 0 0 0 0 
1624426357.41855717 0 0 0 1 0 0 0 0 0 0 0 0 0 0 0 0 
1624426357.51855063 0 0 0 1 0 0 0 0 0 0 0 0 0 0 0 0 
1624426357.61857462 0 0 0 1 0 0 0 0 0 0 0 0 0 0 0 0 
1624426357.7185638 0 0 0 1 0 0 0 0 0 0 0 0 0 0 0 0 
1624426357.81855106 0 0 0 1 0 0 0 0 0 0 0 0 0 0 0 0 
1624426357.91855979 0 0 0 1 0 0 0 0 0 0 0 0 0 0 0 0 
1624426358.01855612 0 0 0 1 0 0 0 0 0 0 0 0 0 0 0 0 
1624426358.11855698 0 0 0 1 0 0 0 0 0 0 0 0 0 0 0 0 
1624426358.21855402 0 0 0 1 0 0 0 0 0 0 0 0 0 0 0 0 
1624426358.31859875 0 0 0 1 0 0 0 0 0 0 0 0 0 0 0 0 
1624426358.41855836 0 0 0 1 0 0 0 0 0 0 0 0 0 0 0 0 
1624426358.51854897 0 0 0 1 0 0 0 0 0 0 0 0 0 0 0 0 
1624426358.6185534 0 0 0 1 0 0 0 0 0 0 0 0 0 0 0 0 
1624426358.7185638 0 0 0 1 0 0 0 0 0 0 0 0 0 0 0 0 
1624426358.81854939 0 0 0 1 0 0 0 0 0 0 0 0 0 0 0 0 
1624426358.91854906 0 0 0 1 0 0 0 0 0 0 0 0 0 0 0 0 
1624426359.01856112 0 0 0 1 0 0 0 0 0 0 0 0 0 0 0 0 
1624426359.11854982 0 0 0 1 0 0 0 0 0 0 0 0 0 0 0 0 
1624426359.21855545 0 0 0 1 0 0 0 0 0 0 0 0 0 0 0 0 
1624426359.31855488 0 0 0 1 0 0 0 0 0 0 0 0 0 0 0 0 
1624426359.41855478 0 0 0 1 0 0 0 0 0 0 0 0 0 0 0 0 
1624426359.51855779 0 0 0 1 0 0 0 0 0 0 0 0 0 0 0 0 
1624426359.6185534 0 0 0 1 0 0 0 0 0 0 0 0 0 0 0 0 
1624426359.71856713 0 0 0 1 0 0 0 0 0 0 0 0 0 0 0 0 
1624426359.81855369 0 0 0 1 0 0 0 0 0 0 0 0 0 0 0 0 
1624426359.91855836 0 0 0 1 0 0 0 0 0 0 0 0 0 0 0 0 
1624426360.01855111 0 0 0 1 0 0 0 0 0 0 0 0 0 0 0 0 
1624426360.1185472 0 0 0 1 0 0 0 0 0 0 0 0 0 0 0 0 
1624426360.21856236 0 0 0 1 0 0 0 0 0 0 0 0 0 0 0 0 
1624426360.31854868 0 0 0 1 0 0 0 0 0 0 0 0 0 0 0 0 
1624426360.41855788 0 0 0 1 0 0 0 0 0 0 0 0 0 0 0 0 
1624426360.51855206 0 0 0 1 0 0 0 0 0 0 0 0 0 0 0 0 
1624426360.61854887 0 0 0 1 0 0 0 0 0 0 0 0 0 0 0 0 
1624426360.71856451 0 0 0 1 0 0 0 0 0 0 0 0 0 0 0 0 
1624426360.81855345 0 0 0 1 0 0 0 0 0 0 0 0 0 0 0 0 
1624426360.91854882 0 0 0 1 0 0 0 0 0 0 0 0 0 0 0 0 
1624426361.01856041 0 0 0 1 0 0 0 0 0 0 0 0 0 0 0 0 
1624426361.11855936 0 0 0 1 0 0 0 0 0 0 0 0 0 0 0 0 
1624426361.21855712 0 0 0 1 0 0 0 0 0 0 0 0 0 0 0 0 
1624426361.31856132 0 0 0 1 0 0 0 0 0 0 0 0 0 0 0 0 
1624426361.41856337 0 0 0 1 0 0 0 0 0 0 0 0 0 0 0 0 
1624426361.51855111 0 0 0 1 0 0 0 0 0 0 0 0 0 0 0 0 
1624426361.61855912 0 0 0 1 0 0 0 0 0 0 0 0 0 0 0 0 
1624426361.71858287 0 0 0 1 0 0 0 0 0 0 0 0 0 0 0 0 
1624426361.81854224 0 0 0 1 0 0 0 0 0 0 0 0 0 0 0 0 
1624426361.91858959 0 0 0 1 0 0 0 0 0 0 0 0 0 0 0 0 
1624426362.01855898 0 0 0 1 0 0 0 0 0 0 0 0 0 0 0 0 
1624426362.11854267 0 0 0 1 0 0 0 0 0 0 0 0 0 0 0 0 
1624426362.21856284 0 0 0 1 0 0 0 0 0 0 0 0 0 0 0 0 
1624426362.31856132 0 0 0 1 0 0 0 0 0 0 0 0 0 0 0 0 
1624426362.41854906 0 0 0 1 0 0 0 0 0 0 0 0 0 0 0 0 
1624426362.51856685 0 0 0 1 0 0 0 0 0 0 0 0 0 0 0 0 
1624426362.61854553 0 0 0 1 0 0 0 0 0 0 0 0 0 0 0 0 
1624426362.71856356 0 0 0 1 0 0 0 0 0 0 0 0 0 0 0 0 
1624426362.81854534 0 0 0 1 0 0 0 0 0 0 0 0 0 0 0 0 
1624426362.91855121 0 0 0 1 0 0 0 0 0 0 0 0 0 0 0 0 
1624426363.01860404 0 0 0 1 0 0 0 0 0 0 0 0 0 0 0 0 
1624426363.11862469 0 0 0 1 0 0 0 0 0 0 0 0 0 0 0 0 
1624426363.2185514 0 0 0 1 0 0 0 0 0 0 0 0 0 0 0 0 
1624426363.3185544 0 0 0 1 0 0 0 0 0 0 0 0 0 0 0 0 
1624426363.41860628 0 0 0 1 0 0 0 0 0 0 0 0 0 0 0 0 
1624426363.51854849 0 0 0 1 0 0 0 0 0 0 0 0 0 0 0 0 
1624426363.61855245 0 0 0 1 0 0 0 0 0 0 0 0 0 0 0 0 
1624426363.71855164 0 0 0 1 0 0 0 0 0 0 0 0 0 0 0 0 
1624426363.81882358 0 0 0 1 0 0 0 0 0 0 0 0 0 0 0 0 
1624426363.91855311 0 0 0 1 0 0 0 0 0 0 0 0 0 0 0 0 
1624426364.01855397 0 0 0 1 0 0 0 0 0 0 0 0 0 0 0 0 
1624426364.11854672 0 0 0 1 0 0 0 0 0 0 0 0 0 0 0 0 
1624426364.2185955 0 0 0 1 0 0 0 0 0 0 0 0 0 0 0 0 
1624426364.31856561 0 0 0 1 0 0 0 0 0 0 0 0 0 0 0 0 
1624426364.41854811 0 0 0 1 0 0 0 0 0 0 0 0 0 0 0 0 
1624426364.51855516 0 0 0 1 0 0 0 0 0 0 0 0 0 0 0 0 
1624426364.61855626 0 0 0 1 0 0 0 0 0 0 0 0 0 0 0 0 
1624426364.71855545 0 0 0 1 0 0 0 0 0 0 0 0 0 0 0 0 
1624426364.81861258 0 0 0 1 0 0 0 0 0 0 0 0 0 0 0 0 
1624426364.91855145 0 0 0 1 0 0 0 0 0 0 0 0 0 0 0 0 
1624426365.01855612 0 0 0 1 0 0 0 0 0 0 0 0 0 0 0 0 
1624426365.11857772 0 0 0 1 0 0 0 0 0 0 0 0 0 0 0 0 
1624426365.2185607 0 0 0 1 0 0 0 0 0 0 0 0 0 0 0 0 
1624426365.3186028 0 0 0 1 0 0 0 0 0 0 0 0 0 0 0 0 
1624426365.4186058 0 0 0 1 0 0 0 0 0 0 0 0 0 0 0 0 
1624426365.51855135 0 0 0 1 0 0 0 0 0 0 0 0 0 0 0 0 
1624426365.61855507 0 0 0 1 0 0 0 0 0 0 0 0 0 0 0 0 
1624426365.71856785 0 0 0 1 0 0 0 0 0 0 0 0 0 0 0 0 
1624426365.81855226 0 0 0 1 0 0 0 0 0 0 0 0 0 0 0 0 
1624426365.91856098 0 0 0 1 0 0 0 0 0 0 0 0 0 0 0 0 
1624426366.01854801 0 0 0 1 0 0 0 0 0 0 0 0 0 0 0 0 
1624426366.11855578 0 0 0 1 0 0 0 0 0 0 0 0 0 0 0 0 
1624426366.21855998 0 0 0 1 0 0 0 0 0 0 0 0 0 0 0 0 
1624426366.31857276 0 0 0 1 0 0 0 0 0 0 0 0 0 0 0 0 
1624426366.41854739 0 0 0 1 0 0 0 0 0 0 0 0 0 0 0 0 
1624426366.51854968 0 0 0 1 0 0 0 0 0 0 0 0 0 0 0 0 
1624426366.61856246 0 0 0 1 0 0 0 0 0 0 0 0 0 0 0 0 
1624426366.71855164 0 0 0 1 0 0 0 0 0 0 0 0 0 0 0 0 
1624426366.81859517 0 0 0 1 0 0 0 0 0 0 0 0 0 0 0 0 
1624426366.91856432 0 0 0 1 0 0 0 0 0 0 0 0 0 0 0 0 
1624426367.01854873 0 0 0 1 0 0 0 0 0 0 0 0 0 0 0 0 
1624426367.11856437 0 0 0 1 0 0 0 0 0 0 0 0 0 0 0 0 
1624426367.21855974 0 0 0 1 0 0 0 0 0 0 0 0 0 0 0 0 
1624426367.31856012 0 0 0 1 0 0 0 0 0 0 0 0 0 0 0 0 
1624426367.41855526 0 0 0 1 0 0 0 0 0 0 0 0 0 0 0 0 
1624426367.51855111 0 0 0 1 0 0 0 0 0 0 0 0 0 0 0 0 
1624426367.6185894 0 0 0 1 0 0 0 0 0 0 0 0 0 0 0 0 
1624426367.71854472 0 0 0 1 0 0 0 0 0 0 0 0 0 0 0 0 
1624426367.8185432 0 0 0 1 0 0 0 0 0 0 0 0 0 0 0 0 
1624426367.91856122 0 0 0 1 0 0 0 0 0 0 0 0 0 0 0 0 
1624426368.0185349 0 0 0 1 0 0 0 0 0 0 0 0 0 0 0 0 
1624426368.11853671 0 0 0 1 0 0 0 0 0 0 0 0 0 0 0 0 
1624426368.2185483 0 0 0 1 0 0 0 0 0 0 0 0 0 0 0 0 
1624426368.31854463 0 0 0 1 0 0 0 0 0 0 0 0 0 0 0 0 
1624426368.41854525 0 0 0 1 0 0 0 0 0 0 0 0 0 0 0 0 
1624426368.51864409 0 0 0 1 0 0 0 0 0 0 0 0 0 0 0 0 
1624426368.61855292 0 0 0 1 0 0 0 0 0 0 0 0 0 0 0 0 
1624426368.71856165 0 0 0 1 0 0 0 0 0 0 0 0 0 0 0 0 
1624426368.8185389 0 0 0 1 0 0 0 0 0 0 0 0 0 0 0 0 
1624426368.91857791 0 0 0 1 0 0 0 0 0 0 0 0 0 0 0 0 
1624426369.01856041 0 0 0 1 0 0 0 0 0 0 0 0 0 0 0 0 
1624426369.11853957 0 0 0 1 0 0 0 0 0 0 0 0 0 0 0 0 
1624426369.21854734 0 0 0 1 0 0 0 0 0 0 0 0 0 0 0 0 
1624426369.31854296 0 0 0 1 0 0 0 0 0 0 0 0 0 0 0 0 
1624426369.41854811 0 0 0 1 0 0 0 0 0 0 0 0 0 0 0 0 
1624426369.51855636 0 0 0 1 0 0 0 0 0 0 0 0 0 0 0 0 
1624426369.61855125 0 0 0 1 0 0 0 0 0 0 0 0 0 0 0 0 
1624426369.71855092 0 0 0 1 0 0 0 0 0 0 0 0 0 0 0 0 
1624426369.81854701 0 0 0 1 0 0 0 0 0 0 0 0 0 0 0 0 
1624426369.91867042 0 0 0 1 0 0 0 0 0 0 0 0 0 0 0 0 
1624426370.01858425 0 0 0 1 0 0 0 0 0 0 0 0 0 0 0 0 
1624426370.11854553 0 0 0 1 0 0 0 0 0 0 0 0 0 0 0 0 
1624426370.21857929 0 0 0 1 0 0 0 0 0 0 0 0 0 0 0 0 
1624426370.31854725 0 0 0 1 0 0 0 0 0 0 0 0 0 0 0 0 
1624426370.41854906 0 0 0 1 0 0 0 0 0 0 0 0 0 0 0 0 
1624426370.5185535 0 0 0 1 0 0 0 0 0 0 0 0 0 0 0 0 
1624426370.61854744 0 0 0 1 0 0 0 0 0 0 0 0 0 0 0 0 
1624426370.71854782 0 0 0 1 0 0 0 0 0 0 0 0 0 0 0 0 
1624426370.81854486 0 0 0 1 0 0 0 0 0 0 0 0 0 0 0 0 
1624426370.91855645 0 0 0 1 0 0 0 0 0 0 0 0 0 0 0 0 
1624426371.01855302 0 0 0 1 0 0 0 0 0 0 0 0 0 0 0 0 
1624426371.11853552 0 0 0 1 0 0 0 0 0 0 0 0 0 0 0 0 
1624426371.21856117 0 0 0 1 0 0 0 0 0 0 0 0 0 0 0 0 
1624426371.31856132 0 0 0 1 0 0 0 0 0 0 0 0 0 0 0 0 
1624426371.41853929 0 0 0 1 0 0 0 0 0 0 0 0 0 0 0 0 
1624426371.51856351 0 0 0 1 0 0 0 0 0 0 0 0 0 0 0 0 
1624426371.61855984 0 0 0 1 0 0 0 0 0 0 0 0 0 0 0 0 
1624426371.71855426 0 0 0 1 0 0 0 0 0 0 0 0 0 0 0 0 
1624426371.81854296 0 0 0 1 0 0 0 0 0 0 0 0 0 0 0 0 
1624426371.91860223 0 0 0 1 0 0 0 0 0 0 0 0 0 0 0 0 
1624426372.01856399 0 0 0 1 0 0 0 0 0 0 0 0 0 0 0 0 
1624426372.11853671 0 0 0 1 0 0 0 0 0 0 0 0 0 0 0 0 
1624426372.21855378 0 0 0 1 0 0 0 0 0 0 0 0 0 0 0 0 
1624426372.31854582 0 0 0 1 0 0 0 0 0 0 0 0 0 0 0 0 
1624426372.41855121 0 0 0 1 0 0 0 0 0 0 0 0 0 0 0 0 
1624426372.51853585 0 0 0 1 0 0 0 0 0 0 0 0 0 0 0 0 
1624426372.61859322 0 0 0 1 0 0 0 0 0 0 0 0 0 0 0 0 
1624426372.71854854 0 0 0 1 0 0 0 0 0 0 0 0 0 0 0 0 
1624426372.81853557 0 0 0 1 0 0 0 0 0 0 0 0 0 0 0 0 
1624426372.91855764 0 0 0 1 0 0 0 0 0 0 0 0 0 0 0 0 
1624426373.01853395 0 0 0 1 0 0 0 0 0 0 0 0 0 0 0 0 
1624426373.11854625 0 0 0 1 0 0 0 0 0 0 0 0 0 0 0 0 
1624426373.21855354 0 0 0 1 0 0 0 0 0 0 0 0 0 0 0 0 
1624426373.31854558 0 0 0 1 0 0 0 0 0 0 0 0 0 0 0 0 
1624426373.41854453 0 0 0 1 0 0 0 0 0 0 0 0 0 0 0 0 
1624426373.51854086 0 0 0 1 0 0 0 0 0 0 0 0 0 0 0 0 
1624426373.61861444 0 0 0 1 0 0 0 0 0 0 0 0 0 0 0 0 
1624426373.71853971 0 0 0 1 0 0 0 0 0 0 0 0 0 0 0 0 
1624426373.8185482 0 0 0 1 0 0 0 0 0 0 0 0 0 0 0 0 
1624426373.91854811 0 0 0 1 0 0 0 0 0 0 0 0 0 0 0 0 
1624426374.01854467 0 0 0 1 0 0 0 0 0 0 0 0 0 0 0 0 
1624426374.11854696 0 0 0 1 0 0 0 0 0 0 0 0 0 0 0 0 
1624426374.21853638 0 0 0 1 0 0 0 0 0 0 0 0 0 0 0 0 
1624426374.31853914 0 0 0 1 0 0 0 0 0 0 0 0 0 0 0 0 
1624426374.41856647 0 0 0 1 0 0 0 0 0 0 0 0 0 0 0 0 
1624426374.51854062 0 0 0 1 0 0 0 0 0 0 0 0 0 0 0 0 
1624426374.61854362 0 0 0 1 0 0 0 0 0 0 0 0 0 0 0 0 
1624426374.71855307 0 0 0 1 0 0 0 0 0 0 0 0 0 0 0 0 
1624426374.81853628 0 0 0 1 0 0 0 0 0 0 0 0 0 0 0 0 
1624426374.91855359 0 0 0 1 0 0 0 0 0 0 0 0 0 0 0 0 
1624426375.01860213 0 0 0 1 0 0 0 0 0 0 0 0 0 0 0 0 
1624426375.11854076 0 0 0 1 0 0 0 0 0 0 0 0 0 0 0 0 
1624426375.21855998 0 0 0 1 0 0 0 0 0 0 0 0 0 0 0 0 
1624426375.31856036 0 0 0 1 0 0 0 0 0 0 0 0 0 0 0 0 
1624426375.41853666 0 0 0 1 0 0 0 0 0 0 0 0 0 0 0 0 
1624426375.51855016 0 0 0 1 0 0 0 0 0 0 0 0 0 0 0 0 
1624426375.61856508 0 0 0 1 0 0 0 0 0 0 0 0 0 0 0 0 
1624426375.71855593 0 0 0 1 0 0 0 0 0 0 0 0 0 0 0 0 
1624426375.81854296 0 0 0 1 0 0 0 0 0 0 0 0 0 0 0 0 
1624426375.91855049 0 0 0 1 0 0 0 0 0 0 0 0 0 0 0 0 
1624426376.01854134 0 0 0 1 0 0 0 0 0 0 0 0 0 0 0 0 
1624426376.11853242 0 0 0 1 0 0 0 0 0 0 0 0 0 0 0 0 
1624426376.21854353 0 0 0 1 0 0 0 0 0 0 0 0 0 0 0 0 
1624426376.31854987 0 0 0 1 0 0 0 0 0 0 0 0 0 0 0 0 
1624426376.41856289 0 0 0 1 0 0 0 0 0 0 0 0 0 0 0 0 
1624426376.51854229 0 0 0 1 0 0 0 0 0 0 0 0 0 0 0 0 
1624426376.6185894 0 0 0 1 0 0 0 0 0 0 0 0 0 0 0 0 
1624426376.71854305 0 0 0 1 0 0 0 0 0 0 0 0 0 0 0 0 
1624426376.8185358 0 0 0 1 0 0 0 0 0 0 0 0 0 0 0 0 
1624426376.91854644 0 0 0 1 0 0 0 0 0 0 0 0 0 0 0 0 
1624426377.01854277 0 0 0 1 0 0 0 0 0 0 0 0 0 0 0 0 
1624426377.118541 0 0 0 1 0 0 0 0 0 0 0 0 0 0 0 0 
1624426377.21854424 0 0 0 1 0 0 0 0 0 0 0 0 0 0 0 0 
1624426377.31857657 0 0 0 1 0 0 0 0 0 0 0 0 0 0 0 0 
1624426377.41853714 0 0 0 1 0 0 0 0 0 0 0 0 0 0 0 0 
1624426377.51853752 0 0 0 1 0 0 0 0 0 0 0 0 0 0 0 0 
1624426377.61854482 0 0 0 1 0 0 0 0 0 0 0 0 0 0 0 0 
1624426377.71855617 0 0 0 1 0 0 0 0 0 0 0 0 0 0 0 0 
1624426377.81853938 0 0 0 1 0 0 0 0 0 0 0 0 0 0 0 0 
1624426377.91855025 0 0 0 1 0 0 0 0 0 0 0 0 0 0 0 0 
1624426378.01854229 0 0 0 1 0 0 0 0 0 0 0 0 0 0 0 0 
1624426378.11853838 0 0 0 1 0 0 0 0 0 0 0 0 0 0 0 0 
1624426378.21854472 0 0 0 1 0 0 0 0 0 0 0 0 0 0 0 0 
1624426378.31854057 0 0 0 1 0 0 0 0 0 0 0 0 0 0 0 0 
1624426378.41863561 0 0 0 1 0 0 0 0 0 0 0 0 0 0 0 0 
1624426378.51853681 0 0 0 1 0 0 0 0 0 0 0 0 0 0 0 0 
1624426378.61853743 0 0 0 1 0 0 0 0 0 0 0 0 0 0 0 0 
1624426378.71854901 0 0 0 1 0 0 0 0 0 0 0 0 0 0 0 0 
1624426378.81854486 0 0 0 1 0 0 0 0 0 0 0 0 0 0 0 0 
1624426378.91854215 0 0 0 1 0 0 0 0 0 0 0 0 0 0 0 0 
1624426379.0185523 0 0 0 1 0 0 0 0 0 0 0 0 0 0 0 0 
1624426379.11853576 0 0 0 1 0 0 0 0 0 0 0 0 0 0 0 0 
1624426379.2185421 0 0 0 1 0 0 0 0 0 0 0 0 0 0 0 0 
1624426379.31853247 0 0 0 1 0 0 0 0 0 0 0 0 0 0 0 0 
1624426379.41854405 0 0 0 1 0 0 0 0 0 0 0 0 0 0 0 0 
1624426379.51854873 0 0 0 1 0 0 0 0 0 0 0 0 0 0 0 0 
1624426379.6185329 0 0 0 1 0 0 0 0 0 0 0 0 0 0 0 0 
1624426379.71854115 0 0 0 1 0 0 0 0 0 0 0 0 0 0 0 0 
1624426379.81854248 0 0 0 1 0 0 0 0 0 0 0 0 0 0 0 0 
1624426379.91853881 0 0 0 1 0 0 0 0 0 0 0 0 0 0 0 0 
1624426380.01853871 0 0 0 1 0 0 0 0 0 0 0 0 0 0 0 0 
1624426380.11854458 0 0 0 1 0 0 0 0 0 0 0 0 0 0 0 0 
1624426380.2185421 0 0 0 1 0 0 0 0 0 0 0 0 0 0 0 0 
1624426380.31853676 0 0 0 1 0 0 0 0 0 0 0 0 0 0 0 0 
1624426380.41854191 0 0 0 1 0 0 0 0 0 0 0 0 0 0 0 0 
1624426380.51854277 0 0 0 1 0 0 0 0 0 0 0 0 0 0 0 0 
1624426380.61854577 0 0 0 1 0 0 0 0 0 0 0 0 0 0 0 0 
1624426380.71854997 0 0 0 1 0 0 0 0 0 0 0 0 0 0 0 0 
1624426380.8185358 0 0 0 1 0 0 0 0 0 0 0 0 0 0 0 0 
1624426380.91853642 0 0 0 1 0 0 0 0 0 0 0 0 0 0 0 0 
1624426381.01854539 0 0 0 1 0 0 0 0 0 0 0 0 0 0 0 0 
1624426381.11854386 0 0 0 1 0 0 0 0 0 0 0 0 0 0 0 0 
1624426381.21854186 0 0 0 1 0 0 0 0 0 0 0 0 0 0 0 0 
1624426381.31853032 0 0 0 1 0 0 0 0 0 0 0 0 0 0 0 0 
1624426381.41855454 0 0 0 1 0 0 0 0 0 0 0 0 0 0 0 0 
1624426381.51854014 0 0 0 1 0 0 0 0 0 0 0 0 0 0 0 0 
1624426381.61854076 0 0 0 1 0 0 0 0 0 0 0 0 0 0 0 0 
1624426381.71855807 0 0 0 1 0 0 0 0 0 0 0 0 0 0 0 0 
1624426381.81853437 0 0 0 1 0 0 0 0 0 0 0 0 0 0 0 0 
1624426381.91854286 0 0 0 1 0 0 0 0 0 0 0 0 0 0 0 0 
1624426382.0185504 0 0 0 1 0 0 0 0 0 0 0 0 0 0 0 0 
1624426382.11854362 0 0 0 1 0 0 0 0 0 0 0 0 0 0 0 0 
1624426382.21854687 0 0 0 1 0 0 0 0 0 0 0 0 0 0 0 0 
1624426382.31854057 0 0 0 1 0 0 0 0 0 0 0 0 0 0 0 0 
1624426382.4186058 0 0 0 1 0 0 0 0 0 0 0 0 0 0 0 0 
1624426382.51854825 0 0 0 1 0 0 0 0 0 0 0 0 0 0 0 0 
1624426382.6185441 0 0 0 1 0 0 0 0 0 0 0 0 0 0 0 0 
1624426382.71853685 0 0 0 1 0 0 0 0 0 0 0 0 0 0 0 0 
1624426382.81854057 0 0 0 1 0 0 0 0 0 0 0 0 0 0 0 0 
1624426382.91854453 0 0 0 1 0 0 0 0 0 0 0 0 0 0 0 0 
1624426383.01854277 0 0 0 1 0 0 0 0 0 0 0 0 0 0 0 0 
1624426383.11854076 0 0 0 1 0 0 0 0 0 0 0 0 0 0 0 0 
1624426383.21854591 0 0 0 1 0 0 0 0 0 0 0 0 0 0 0 0 
1624426383.31854296 0 0 0 1 0 0 0 0 0 0 0 0 0 0 0 0 
1624426383.41853595 0 0 0 1 0 0 0 0 0 0 0 0 0 0 0 0 
1624426383.51853752 0 0 0 1 0 0 0 0 0 0 0 0 0 0 0 0 
1624426383.61855292 0 0 0 1 0 0 0 0 0 0 0 0 0 0 0 0 
1624426383.71854401 0 0 0 1 0 0 0 0 0 0 0 0 0 0 0 0 
1624426383.81853437 0 0 0 1 0 0 0 0 0 0 0 0 0 0 0 0 
1624426383.91853595 0 0 0 1 0 0 0 0 0 0 0 0 0 0 0 0 
1624426384.01853657 0 0 0 1 0 0 0 0 0 0 0 0 0 0 0 0 
1624426384.11853576 0 0 0 1 0 0 0 0 0 0 0 0 0 0 0 0 
1624426384.21854115 0 0 0 1 0 0 0 0 0 0 0 0 0 0 0 0 
1624426384.31855249 0 0 0 1 0 0 0 0 0 0 0 0 0 0 0 0 
1624426384.41854906 0 0 0 1 0 0 0 0 0 0 0 0 0 0 0 0 
1624426384.51854014 0 0 0 1 0 0 0 0 0 0 0 0 0 0 0 0 
1624426384.61856055 0 0 0 1 0 0 0 0 0 0 0 0 0 0 0 0 
1624426384.71854377 0 0 0 1 0 0 0 0 0 0 0 0 0 0 0 0 
1624426384.81855416 0 0 0 1 0 0 0 0 0 0 0 0 0 0 0 0 
1624426384.91855121 0 0 0 1 0 0 0 0 0 0 0 0 0 0 0 0 
1624426385.01853657 0 0 0 1 0 0 0 0 0 0 0 0 0 0 0 0 
1624426385.11854577 0 0 0 1 0 0 0 0 0 0 0 0 0 0 0 0 
1624426385.21854925 0 0 0 1 0 0 0 0 0 0 0 0 0 0 0 0 
1624426385.31853652 0 0 0 1 0 0 0 0 0 0 0 0 0 0 0 0 
1624426385.41854119 0 0 0 1 0 0 0 0 0 0 0 0 0 0 0 0 
1624426385.51855206 0 0 0 1 0 0 0 0 0 0 0 0 0 0 0 0 
1624426385.61854172 0 0 0 1 0 0 0 0 0 0 0 0 0 0 0 0 
1624426385.71854877 0 0 0 1 0 0 0 0 0 0 0 0 0 0 0 0 
1624426385.81853604 0 0 0 1 0 0 0 0 0 0 0 0 0 0 0 0 
1624426385.91853547 0 0 0 1 0 0 0 0 0 0 0 0 0 0 0 0 
1624426386.018538 0 0 0 1 0 0 0 0 0 0 0 0 0 0 0 0 
1624426386.11854219 0 0 0 1 0 0 0 0 0 0 0 0 0 0 0 0 
1624426386.21853709 0 0 0 1 0 0 0 0 0 0 0 0 0 0 0 0 
1624426386.31855249 0 0 0 1 0 0 0 0 0 0 0 0 0 0 0 0 
1624426386.41854024 0 0 0 1 0 0 0 0 0 0 0 0 0 0 0 0 
1624426386.51855063 455342.536 4413646.58 37.7136002 -0.972287965 0 0 0.233786468 0 0 0 0 0 0 0 0 0 
